ACCOUNT_ID_1 = 0.0.3907214
PUBLIC_KEY_1 = 302a300506032b6570032100e188ff0345646153918a2eabc3c9b3c642d38b7beed2129c02826c6e38bb9ec6
PRIVATE_KEY_1 = 302e020100300506032b657004220420104765a62490724ad1d8a37f99a20e675a3a5179a6535454ffb3d3824782a5a3


ACCOUNT_ID_2 = 0.0.3907216
PUBLIC_KEY_2 = 302a300506032b6570032100cea01561ef80286b15a5c12f80dab46e4998a5facbe33d3d406b0248ecb75744
PRIVATE_KEY_2 = 302e020100300506032b65700422042045c9bd0c6e85d944a35f79eaef04a28bd7b022c315ed3f4b9a747f2f812d5f93


ACCOUNT_ID_3 = 0.0.3907217
PUBLIC_KEY_3 = 302a300506032b6570032100544f9ee1253b24e3a3e96781d5842b9873d674e2118c5a60fd8947a6782b4cc0
PRIVATE_KEY_3 = 302e020100300506032b6570042204200be7e3ee76b50f22f8c9fb6edfa78b2ac6ac3f6edf11589297a012abd4f44ae7

ACCOUNT_ID_4 = 0.0.3907218
PUBLIC_KEY_4 = 302a300506032b6570032100b76182219c5ad145c6f94f51b62a4d9e670ba4b0b91a6e482800ed6cea04f91b
PRIVATE_KEY_4 = 302e020100300506032b6570042204208aebf7a8415542af6db4e45ef1c4d103067c60499e80513011294c12a3a63650


ACCOUNT_ID_5 = 0.0.3907219
PUBLIC_KEY_5 = 302a300506032b6570032100791e1f7f23403631c7f7bc15f3473da6d0757a01f7c53f041598e8c220a27f78
PRIVATE_KEY_5 = 302e020100300506032b65700422042071046a555a91a456519b4418217ef45e79731f1ffa91f961f09522f7505fade9